2014-04-08,1,M03230